10.214132800243602
9.890893711095279
8.307285285515096
7.670653604257683
6.932959868493155
6.509553508510638
5.592419945358934
5.223788631608829
4.893959056243196
4.362155615441958
3.6887934449869824
3.240933748817211
2.756172308462428
2.5315169968147586
2.3648007240401165
2.3224859223312557
2.240301657293268
2.2231597406024552
2.169239271536127
2.189462980944466
2.2403563082252513
2.314341989852216
2.337625042814896
2.369400062059882
2.3674879761565886
2.3674236671026514
2.3447816406989967
2.308720925464612
2.257141332150445
2.204516383138429
2.1365806881707097
2.077262177188142
2.003333418101738
1.932129440018286
1.8452616177107741
1.7752014489191146
1.6848182534740583
1.6108964405950652
1.5182622602469478
1.447853188738302
1.363702089318718
1.309489858482989
1.2369420905766126
1.1806810144117177
1.099364540773266
1.0306075392446434
0.9352795139034566
0.8664263232577176
0.7704193177402298
0.7143415110686128
0.632242741590022
0.6018335405473145
0.5505244282709036
0.5545661465732693
0.5387050788160914
0.5666917901489905
0.5716147054419509
0.6111675272419993
0.6278044111813423
0.6730340026876275
0.6969372435256398
0.7404362537204343
0.7631830846669153
0.7987246753953262
0.8143001270629774
0.839471490310947
0.8464500982867008
0.8615489252752301
0.8604783147437726
0.8666778361142052
0.858110532748913
0.8562997680030394
0.8404925434044074
0.832080582741248
0.8101761885312949
0.7969326111615055
0.7705018515741545
0.7538383542495107
0.7240134776329799
0.7053856939194515
0.6733519347698179
0.6539010985519117
0.6205592767787019
0.6007711755798452
0.5665204747342337
0.5471756350955216
0.5129552248260126
0.49577761152843003
0.4636533303789155
0.45108110474751034
0.4238557152326304
0.4180631658513348
0.39798580264191225
0.39967984295794706
0.3872836151479003
0.3954645203241149
0.38971729475971134
0.4023166415889392
0.40129535678207257
0.415948459430632
0.4173861482511504
0.43198310760070346
0.43385821561005566
0.4467854936032009
0.44761640023667193
0.4578555627293575
0.4567016081952984
0.46379870108430027
0.46016851263087527
0.4640842956586469
0.45784444025854515
0.4588383215373597
0.4501472941332341
0.448639006230477
0.4377984943040914
0.43425549211902464
0.42160474732381864
0.41653748413695585
0.4024842626587027
0.396421157391977