6.0 209440.73914912625 0.15698638092105455
7.0 5380565.0449079 0.14797041465602234
8.0 1067903.9447605305 0.15880384136129067
9.0 690600.9604803928 0.17624749022120767
10.0 4170169.1652538194 0.1396650366538168
11.0 5144256.436323492 0.14812569882513316
12.0 9574730.500366606 0.16955989300995356
13.0 12282409.567337517 0.15775428662671231
14.0 2611396.77358062 0.1692691992411426
15.0 4341643.18366862 0.17019558418698466
16.0 875349.1612358964 0.16320128598462702
17.0 2744249.4446254615 0.17677504537512334
18.0 5760645.1483936915 0.1812088326248542
19.0 789924.3876894604 0.18848866079123638
20.0 86085.34107123336 0.1800017785460568
21.0 731086.8950873673 0.18001272065217933
22.0 62580.69892609299 0.2168730193984274
23.0 36924.822126400046 0.17464375122229825
24.0 13255.1403425409 0.218360009033578
25.0 6941.398021581992 0.20865279911691914
26.0 12576.270238643923 0.2364642415334437
27.0 26407.85353557268 0.20537214740944876
28.0 93936.95823883041 0.22545982421243593
29.0 46815.40411005291 0.21937971232310005
30.0 5652.763444981242 0.2182276431979986
31.0 4083.0150600202232 0.19492497892483485
32.0 656.2462625627187 0.21683223407293184
33.0 3876.344038783394 0.2353982412579434
34.0 10351.098770573895 0.19337590848867947
35.0 53276.637376782826 0.20307663139393384
36.0 34827.188626372794 0.20564490448444417
37.0 294943.4503735558 0.191253052672252
38.0 20160.3801581735 0.20530132312723026
39.0 99481.02779990977 0.18883444501459223
40.0 20334.988895147762 0.2160216584749577
41.0 250126.93209358215 0.21247496571986346
42.0 368812.05619136913 0.20697901632459548
43.0 501875.63386499026 0.2217773465732762
44.0 26384.779988290225 0.16797090879644827
45.0 1700587.5235719578 0.24242187210350608
46.0 1232406.521633028 0.21467542117552085
47.0 27641.724791397417 0.19813065276511566
48.0 337679.8967273168 0.2043971981263084
49.0 506697.1680705698 0.2288058159127928
50.0 1156088.3061372372 0.20131131689090154
51.0 2157221.9016482322 0.1837837125224695
52.0 4638772.760343232 0.17501191098499191
53.0 5881243.988304131 0.1793134407609358
54.0 114780.32592209805 0.19748220434610886
55.0 1293030.0888841914 0.15822782440413619
56.0 7618350.330878703 0.19333424489584417
57.0 1288380.7881529022 0.19537945145579627
58.0 2973737.503407461 0.19177029189251726
59.0 3343617.7258529454 0.20521922011121418
60.0 2597496.386132745 0.18913998288273604
61.0 6230984.021651182 0.17746977524603835
62.0 3655483.7492720447 0.18612842789482897
63.0 9057714.099011047 0.1637922795299076
64.0 4102072.2837604727 0.16651341172860157
65.0 10080999.589889655 0.19580184638094522
66.0 6463819.738641522 0.1803334414868516
67.0 18077444.08410206 0.1442490238385261
68.0 9038467.662331218 0.17998840384092318
69.0 13735381.982517457 0.15262842801016063
70.0 7603684.5108499015 0.16389575282153146
71.0 16915981.60491208 0.18096573008853767
72.0 9024985.035245981 0.1874363205474623
73.0 4609247.323775905 0.1885750657816203
74.0 4306432.701980431 0.1702208345058196
75.0 2996392.973773503 0.20751332353189866
76.0 2230436.2175745787 0.11570780963688776
77.0 1378006.690401638 0.16630755060522517
78.0 1243098.1984498429 0.12795821981417532
79.0 2675819.8294379157 0.19804539643957497
80.0 832482.627324112 0.1871009955153582
81.0 739161.1896953186 0.17647919640176468
82.0 1004403.6936643061 0.1412079769991763
83.0 1180046.3162981311 0.20797892289640174
84.0 1412299.9974404834 0.16682318572773625
85.0 223004.49965939746 0.22156335617979295
86.0 483772.3080970259 0.12766703043499916
87.0 352557.44391515385 0.21566447665945532
88.0 100638.80288043286 0.1579728108258749
89.0 48981.2449422386 0.18130795018122114
90.0 79143.10942089865 0.1710825883771676
91.0 35768.51935864022 0.17575482103417528
92.0 125984.08227947334 0.1503244760388469
93.0 53233.048615471176 0.18840629617250215
94.0 36486.14218251085 0.15865285903664272
95.0 39729.85633497507 0.19287012121144897
96.0 31174.084317818084 0.14878521903900577
97.0 14040.425786347703 0.21829195450473549
98.0 21801.83082608569 0.13235978617523614
99.0 9429.965804502708 0.23481580611539243
100.0 6405.606732046803 0.11175588101103529
101.0 5568.802412527739 0.20470176624963443
102.0 6116.085424982951 0.1441166179049702
103.0 8657.038173945413 0.19582628719848572
104.0 14550.606007743127 0.147256276691067
105.0 23022.59910176892 0.21673354935868616
106.0 40950.52382423606 0.08476071382214201
107.0 47274.48946538782 0.2053690368077099
108.0 71210.5576581187 0.13545096398861745
109.0 69473.67649698262 0.21744100895051588
110.0 91498.81824212451 0.1454561989236538
111.0 100095.96957724277 0.206289996769371
112.0 132030.4509857139 0.15130299275941184
113.0 124142.9619917548 0.22362356468422462
114.0 181020.18133525786 0.1665732229388226
115.0 209622.8097242063 0.2335822215441894
116.0 312639.00066820765 0.14137650288738257
117.0 303873.63541452 0.22586372234082575
118.0 380865.8647852 0.08138204565716478
119.0 438103.1250445106 0.20828041249011875
120.0 544550.2357538833 0.09057702185916838