6.0 2133.7896929049816 0.2551967885747919
7.0 5141.868394787933 0.255115108483424
8.0 865.1288778925023 0.23928250259218142
9.0 4128.017413857309 0.2822835896620255
10.0 2301.2966868258163 0.19474959369557787
11.0 2223.794634491855 0.24809133181356735
12.0 173.08020310426315 0.28913926683901003
13.0 391.09839552966037 0.3141794319428075
14.0 4828.034980345387 0.24750733507225853
15.0 1549.6522680480573 0.28942433683980884
16.0 1124.513465013538 0.3010023946306406
17.0 345.81551552028367 0.30790437571222373
18.0 616.6351929808197 0.29261434669407205
19.0 169.0450290983818 0.3043663547859685
20.0 128.48914945317784 0.29766954748946484
21.0 606.6968976788887 0.2519479477246649
22.0 200.2741322123987 0.2897659252285023
23.0 155.99730948802122 0.25718625362848746
24.0 65.36264226387611 0.2677857042434142
25.0 62.62485312536937 0.2847398161953123
26.0 61.66155730763157 0.2999171511972736
27.0 58.933599283892505 0.3197399190183041
28.0 98.1246364324091 0.30390409340530633
29.0 122.86422216692152 0.3151013480234379
30.0 57.06914136007588 0.28891759835897846
31.0 59.277044316787844 0.31701488026591007
32.0 43.58611655316429 0.2985399327414515
33.0 46.15111165438198 0.3284769218660335
34.0 60.55216641494984 0.32059543571945004
35.0 108.11660191451517 0.324206289555663
36.0 289.6179721685066 0.3213215449186615
37.0 286.63236389628975 0.3050592334021327
38.0 486.1013453116806 0.2973060791704518
39.0 196.41080187760147 0.30457093863659246
40.0 623.3305415827197 0.282693277536215
41.0 474.63464889753027 0.31792488298177224
42.0 639.0250015491725 0.3028278682425838
43.0 519.6060618928867 0.3339352082436071
44.0 328.13781168576986 0.2993890149812337
45.0 979.5196979295932 0.3314739682319061
46.0 207.9570592227587 0.33180659567152126
47.0 1705.235739982831 0.3350099823942161
48.0 41.46539049537009 0.33017597078283467
49.0 828.987807279859 0.332305323935397
50.0 346.861177962716 0.3128129562415256
51.0 1658.2264058728522 0.3046076187559863
52.0 998.5325677187216 0.3202126699128507
53.0 287.9350011791737 0.31297786792223237
54.0 2941.3582995906636 0.31571435610552445
55.0 540.363865002974 0.31967080734369135
56.0 4296.011232835533 0.29487509923449595
57.0 3233.6184235400056 0.32418332546012785
58.0 88.21849573718754 0.32452577406662897
59.0 4725.993522652847 0.30552864863728013
60.0 95.25219437889706 0.3201728751421631
61.0 5311.959227294885 0.31733235903092005
62.0 150.6865042513984 0.3118002963273767
63.0 6087.161434989542 0.2877245424923194
64.0 184.7275017296041 0.3258783312370652
65.0 8056.248806541983 0.2910765209932249
66.0 191.93289864386156 0.28855782600330615
67.0 10348.920567166699 0.27888972244921906
68.0 211.49529812758556 0.2877751449388004
69.0 10553.455893408356 0.2641263370834692
70.0 74.89731703959933 0.3094838703756282
71.0 9707.286792703808 0.2573784728214248
72.0 63.37183139655796 0.30365995803941725
73.0 67.64077244727144 0.3276718096007971
74.0 56.65780274027013 0.2752608479501535
75.0 49.995355187550054 0.3353828725390362
76.0 44.77983221570999 0.2853589234461307
77.0 43.645398277308864 0.31453594278934993
78.0 34.53346778957981 0.2358749215742908
79.0 1688.4724315381688 0.27946751493705535
80.0 35.792789819709185 0.2324715174470049
81.0 40.21969843702167 0.2958319152248241
82.0 33.595514986255466 0.24557986626363437
83.0 54.916768057980356 0.33494109097909464
84.0 99.4489179732309 0.25621061502019327
85.0 81.78886095075792 0.3363273308619923
86.0 110.9333564103605 0.27983424828590087
87.0 78.9261957717093 0.3166623106393356
88.0 27.903310687696024 0.24936033476427255
89.0 87.40497270298934 0.31585852861267427
90.0 30.33604005392056 0.2926881291354999
91.0 72.97045586159543 0.3326707199433201
92.0 65.41922651256702 0.29865993323348605
93.0 36.78116642947588 0.3318110567096024
94.0 79.05742733846523 0.26307444328031826
95.0 32.60664672296869 0.3383127987097816
96.0 37.7241294787807 0.24755394241093076
97.0 31.65240070437515 0.3306150407725934
98.0 29.969322394862164 0.27519671793534806
99.0 32.50992887992149 0.3288097336776916
100.0 29.72022613985028 0.2746355480815832
101.0 30.21634116556715 0.324541020794628
102.0 28.427764768861916 0.24578216422031196
103.0 27.14489686489105 0.3312314975162942
104.0 25.65905258153105 0.24895650317941476
105.0 25.605331921897182 0.33866318340787305
106.0 24.59248667863594 0.18865349311075486
107.0 27.679327889188095 0.3198850908077464
108.0 26.338186173042782 0.22258743743874332
109.0 28.593132816336418 0.3077232757201793
110.0 27.889900575313426 0.19576719553332556
111.0 28.433678325341017 0.29612803761570206
112.0 26.83655981855118 0.14485971523116792
113.0 27.763621170206818 0.3247238347070991
114.0 26.723956350115152 0.18593573203647784
115.0 28.22867539552835 0.32809481090151427
116.0 27.468741939269382 0.21792422003745915
117.0 30.277147978669213 0.33668277808331415
118.0 28.73044019903819 0.1853473448964782
119.0 32.5195253042704 0.32871605662145686
120.0 31.102198693825347 0.18059688972225674

