0.8802960874155226
1.0116079622576781
0.9213616270169246
0.9583437976785214
0.9361829456224228
0.8733332374998879
0.7808533570020565
0.7669614872673648
0.737484269652369
0.6749219877495397
0.6054039048595808
0.5675846542407981
0.5335846059723138
0.4863523897887
0.448075714928617
0.4533431440204115
0.46031556802306534
0.46478162026482445
0.4694269567782577
0.4840538180897584
0.5217371467893668
0.5751822544565643
0.6300661965022953
0.6834795849688335
0.7397911456094454
0.782508794434245
0.7951553713540239
0.779025904848638
0.7580236944333499
0.7321234632784185
0.6664143608989342
0.6057313697060817
0.5405759462313806
0.4963684520721028
0.4546510699145594
0.41919398603745983
0.38684804213422563
0.35874527079490304
0.33231040455477673
0.3107838535237689
0.2898316611803288
0.2711099151595487
0.25192999653048653
0.23497244309872906
0.21727186969524187
0.20382427894190108
0.189397030866906
0.17951256267989502
0.16928743307629157
0.1645866078495845
0.1593623522519681
0.16044872608262323
0.16096598795052044
0.1676216352369764
0.17459372355383304
0.18668921763798896
0.199471789192918
0.21574773827780208
0.23280010690516006
0.25186465886597686
0.2718768857287965
0.2942714403949475
0.2952889158896283
0.29004070811495947
0.2846579752777201
0.27900157671010284
0.27298512475352843
0.2665846679863706
0.2598193198433968
0.2527409849903782
0.2454476085808755
0.23808044101069606
0.21902905675022624
0.19685265498331692
0.17628199060322908
0.15847949989547855
0.1414099712553865
0.12704878744063447
0.11307080370175704
0.10152724404513033
0.09007910081926995
0.0809848991157126
0.0717090104940709
0.0649823790832831
0.05795357435453827
0.053693498744697365
0.04916997428511839
0.04758650923463152
0.045752005484896496
0.04689837773041622
0.047768652418542626
0.051397352906753596
0.05474155483313389
0.06041510845175488
0.06576594577756867
0.07289566159435708
0.07964926682392476
0.08752848794719142
0.09506465855360115
0.10322733533862272
0.11082848422264743
0.10816118652619096
0.10558595019913215
0.10307723808836593
0.1006124765539564
0.09817379391160662
0.09574883889981443
0.09333107901342959
0.09091979694124162
0.08851953859689111
0.08613897595216564
0.0837895099781757
0.08148380127745598
0.07315441369528805
0.06476705748817706
0.05743503728216045
0.05033251225401985
0.044259767246729434
0.03828107572277631
0.03341563907760271
